/1-1.1
00000 00000 00000
00000 00000 00000
00000 00000 00000
00000 00000 00000
00000 00000 00001
00000 00000 00010
00000 00000 01000
00001 00000 00000
/2-1.2
00000 00100 00000
00000 00010 00000
10001 00100 00000
00000 00000 00000
00000 00100 00000
00000 00000 00000
00001 00101 00000
00000 00000 10000
/3-1.3
00000 00000 00010
00000 00100 00000
00001 01010 00000
00000 00000 00000
01000 00000 00000
00000 00000 00000
01001 01000 00000
00000 00100 00000
/4-1.4
00000 00000 00001
00000 01000 00000
00100 10100 00000
00000 00000 00000
10000 00000 00000
00000 00000 00000
00000 00100 00000
00000 00000 00000
/5-2.1
00000 00010 00000
00000 00000 00000
10011 00000 00000
00000 00000 00000
10000 00000 00000
00000 00000 00000
10010 00000 00000
00000 00000 00000
/6-2.2
00000 00000 00000
00000 00100 00000
10100 00000 00000
00000 00000 00000
00000 00100 00000
00001 00000 00000
00001 00101 00000
00000 00000 10000
/7-2.3
00000 00010 00000
00000 00100 00000
00001 01010 00000
00000 00000 00000
01000 00000 00000
00000 00000 00000
00001 01000 01000
00000 00000 00000
/8-2.4
00000 00000 00000
00000 01000 00000
00010 10100 00000
00000 00000 00000
10000 00000 00000
00000 00000 00000
00010 00010 00000
00000 00000 00000
/9-3.1
00000 00000 01000
00000 00000 00000
00010 00100 00001
00000 00000 00000
00000 00000 00000
00000 00000 00000
00010 10001 00000
00000 00000 00000
/10-3.2
00000 00100 00000
00000 00000 01000
00001 00100 00000
00000 00000 00000
00100 00000 00000
00000 00000 00000
00001 00100 01000
00000 00000 00000
/11-3.3
00000 00001 00000
00000 00000 00001
00001 00100 00000
00000 00000 00000
00100 00000 00000
00000 00000 00000
00001 00100 00001
00000 00000 00000
/12-3.4
00000 00000 00010
00000 00000 00000
00010 10100 00100
00000 00000 00000
10000 00000 00000
00000 00000 00000
00010 10100 00100
00000 00000 00010
/13-4.1
00000 00000 00000
00000 00000 00000
00001 00100 01000
00000 00000 00000
00000 00100 00000
00000 00000 00000
00001 00101 00000
00000 00000 00000
/14-4.2
00000 00010 00000
00000 00000 00000
10000 00100 00000
00000 00000 00000
00100 00000 00000
00000 00000 00000
00000 10000 00000
00000 00000 00100
/15-4.3
00000 00000 00000
00000 00000 01000
00001 00100 01000
00000 00000 00000
00100 00000 00000
00000 00100 00000
00000 00100 10000
00000 00000 00000
/16-4.4
00000 00001 00000
00000 00000 00000
00010 10010 00000
00000 00000 00000
01000 00000 00000
00100 00000 00000
01010 00000 00000
00000 00100 00000
/17-5.1
00000 00000 00000
00000 00000 00000
01001 00100 00000
00000 00000 00000
01000 00000 00000
00000 00000 00000
00001 01001 00000
00000 00000 00000
/18-5.2
00000 00100 00000
00000 00000 01000
00101 00000 00000
00000 00000 00000
10000 00000 00000
00000 00000 00000
00001 00100 01000
00000 00000 00000
/19-5.3
00000 00001 00000
00000 00000 00001
00001 00100 00000
00000 00000 00000
00100 00000 00000
00000 00000 00000
00001 00100 00001
00000 00000 00000
/20-5.4
00000 00000 00010
00000 00000 00000
00010 10100 00100
00000 00000 00000
10000 00000 00000
00000 00000 00000
00010 10100 00100
00000 00000 00010
/21-6.1
00000 00000 00000
00000 00000 00000
00001 00100 01000
00000 00000 00000
00000 00100 00000
00000 00000 00000
00001 00101 00000
00000 00000 00000
/22-6.2
00000 00010 00000
00000 00010 00000
10000 00100 00000
00000 00000 00000
00100 00000 00000
00000 00000 00000
00000 10000 00000
00000 00000 00001
/23-6.3
00000 00000 00000
00000 00000 00010
00001 00100 01000
00000 00000 00000
01000 00000 00000
00000 00100 00000
00001 01001 00000
00000 00000 00000
/24-6.4
00000 00010 00000
00000 00000 00000
00001 00100 00000
00000 00000 00000
10000 00000 00000
00000 00000 00000
00011 00000 00000
00000 00000 00000
/25-7.1
00010 00000 00000
00000 00000 00000
10100 00000 00000
00000 00000 00000
00000 00000 00000
00000 00000 00001
00001 00100 00001
00000 00000 00000
/26-7.2
00000 00000 00010
00000 00000 00000
00010 10100 00100
00000 00000 00000
10000 00000 00000
00000 00000 00100
00010 10100 00100
00000 00000 00000
/27-7.3
00000 00000 00100
00000 00000 00001
00001 01010 00010
00000 00000 00000
01000 00000 00000
00000 00000 00010
00001 01010 00010
00000 00000 00000
/28-7.4
00000 00000 00100
00000 00000 01000
00001 01000 00100
00000 00000 01000
00100 00000 00000
00000 00000 00000
00001 01001 00000
00000 00000 01000
/29-8.1
00000 00000 00000
00000 00000 00000
00000 10100 00000
00000 00000 00000
00100 00000 00000
00000 00000 00001
00000 10100 00001
00000 00000 00000
/30-8.2
00000 00000 00010
00000 00000 00000
00010 10100 00100
00000 00000 00000
10000 00000 00000
00000 00000 00100
00010 10100 00100
00000 00000 00000
/31-8.3
00000 00000 00010
00000 00000 00001
00001 01010 00000
00000 00000 00000
01000 00000 00000
00000 00010 00000
00001 01010 00000
00000 00000 00000
/32-8.4
00000 00100 00000
00000 00010 00000
00001 00101 00000
00000 00000 00000
00100 00000 00000
00000 00000 00000
00001 00100 00000
00000 00000 00000
/33-9.1
00000 00000 00000
00000 00000 00000
00001 01000 00000
00000 00000 00000
00100 00000 00000
00000 00001 00000
00001 01000 01000
00000 00000 00000
/34-9.2
00000 00001 00000
00000 00000 00000
00010 10010 00000
00000 00000 00100
10000 00000 00000
00000 10000 00000
00010 10000 00000
00000 00000 00000
/35-9.3
00000 01000 00000
00000 00100 00000
00001 01000 00000
00000 00000 00000
01000 00000 00000
00000 01000 00000
00001 01000 00000
00000 00000 00000
/36-9.4
00000 10000 00000
00001 00000 00000
00100 10000 00000
00001 00000 00000
10000 00000 00000
00000 00000 00000
10100 00000 00000
00001 00000 00000
/37-10.1
00000 00000 00000
00000 00010 00000
00000 10100 00000
00000 00000 00000
00100 00000 00000
00000 00100 00000
00000 10100 00000
00000 00000 00000
/38-10.2
00000 01000 00000
00000 00100 00000
00010 10000 00000
00000 00000 00000
10000 00000 00000
00000 10000 00000
00010 10000 00000
00000 00000 00000
/39-10.3
00000 01000 00000
00000 00100 00000
00001 01000 00000
00000 00000 00000
01000 00000 00000
00001 00000 00000
01001 00000 00000
00000 00100 00000
/40-10.4
00000 00000 00000
00000 01000 00000
10001 00100 00000
00000 00000 00000
00001 00000 00000
00000 00000 00000
00101 00100 00000
00000 00000 00000
/41-11.1
00000 00010 00000
00001 00000 00000
00010 00100 00001
00000 00000 00000
00000 00000 01000
00000 00000 00001
00001 00100 00010
00000 00000 00000
/42-11.2
00000 00000 01000
00000 00000 00010
00010 00100 00100
00000 00000 00000
00000 00000 10000
00000 00000 00100
00001 00100 01000
00000 00000 00000
/43-11.3
00000 00000 10000
00000 00000 01000
00001 00100 10000
00000 00000 00000
00000 00001 00000
00000 00000 00000
00100 00100 00000
00000 00000 00000
/44-11.4
00001 00000 00000
00000 00000 00000
01000 00000 00000
00000 10000 00000
00000 00100 00000
00000 00000 01000
00010 00100 00001
00000 00000 00000
/45-12.1
00000 00000 00001
00000 00000 00001
00010 00100 00001
00000 00000 00000
00000 00000 10000
00010 00100 00001
00000 00000 00010
00000 00000 00000
/46-12.2
00000 10000 00000
00000 01000 00000
00100 10100 00000
00000 00000 00000
00000 00010 00000
00000 00000 00000
00101 01000 00000
00000 00000 00000
/47-12.3
00000 00100 00000
10011 00000 00000
00000 00000 00000
00000 00000 00000
00000 00000 00000
00000 00000 00000
00010 10000 00000
00001 00000 00000
/48-12.4
00010 00000 00000
10100 00000 00000
00000 00000 00000
00000 00000 00000
00000 00000 00000
00000 00000 00000
11000 00000 00000
00000 00000 00000
/49-13.1
00000 00000 00000
00000 00000 00000
01001 00000 00000
00000 00000 00000
00000 00000 00000
00000 00000 00000
00001 01001 00000
00000 00000 00000
/50-13.2
00100 00000 00000
00000 00000 01000
00001 00100 00000
00000 00000 00000
00100 00000 00000
00000 00000 00000
00001 00100 01000
00000 00000 00000
/51-13.3
00000 00001 00000
00000 00000 00001
00001 00100 00000
00000 00000 00000
00100 00000 00000
00000 00000 00000
00001 00100 00001
00000 00000 00000
/52-13.4
00000 00000 00010
00000 00000 00000
00010 10100 00100
00000 00000 00000
10000 00000 00000
00000 00000 00000
00010 10100 00100
00000 00000 00010
/53-14.1
00000 00000 00000
00000 00000 00000
00001 00100 01000
00000 00000 00000
00000 00100 00000
00000 00000 00000
00001 00101 00000
00000 00000 00000
/54-14.2
00000 00010 00000
00000 00010 00000
10000 00100 00000
00000 00000 00000
00100 00000 00000
00000 00000 00000
00000 10000 00000
00000 00000 00001
/55-14.3
00000 00000 00000
00000 00000 00010
00001 00100 01000
00000 00000 00000
01000 00000 00000
00000 00100 00000
00001 00100 10000
00000 00000 00000
/56-14.4
00000 00001 00000
00000 00000 00000
00010 10010 00000
00000 00000 00000
01000 00000 01000
00000 00000 00000
00010 10000 10000
00000 00000 00000
/57-15.1
00000 00001 00000
00000 00000 00000
00001 01010 00000
00000 00000 00000
01000 00000 00000
00000 00000 00000
00001 01001 00000
00000 00000 00000
/58-15.2
00100 00000 00000
00000 00000 01000
00001 00100 00000
00000 00000 00000
00100 00000 00000
00000 00000 00000
00001 00100 01000
00000 00000 00000
/59-15.3
00000 00001 00000
00000 00000 00001
00001 00100 00000
00000 00000 00000
00100 00000 00000
00000 00000 00000
00001 00100 00001
00000 00000 00000
/60-15.4
00000 00000 00010
00000 00000 00000
00010 10100 00100
00000 00000 00000
10000 00000 00000
00000 00000 00000
00010 10100 00100
00000 00000 00010
/61-16.1
00000 00000 00000
00000 00000 00000
00001 00100 01000
00000 00000 00000
00000 00100 00000
00000 00000 00000
00001 00101 00000
00000 00000 00000
/62-16.2
00000 00010 00000
00000 00010 00000
10000 00100 00000
00000 00000 00000
00100 00000 00000
00000 00000 00000
00000 10000 00000
00000 00000 00001
/63-16.3
00000 00000 00000
00000 00000 00010
00001 00100 01000
00000 00000 00000
01000 00000 00000
00000 00100 00000
00001 01001 00000
00000 00000 00000
/64-16.4
00000 00010 00000
00000 00000 00000
00001 00100 00000
00000 00000 00000
10000 00000 00000
00000 00000 00000
00000 00000 00011
00000 00000 00000
/65-17.1
00000 00000 00000
00000 00000 00000
00001 00100 00000
00000 00000 00000
00100 00000 00000
00000 00000 00001
00001 00100 00001
00000 00000 00000
/66-17.2
00000 00000 00010
00000 00000 00000
00010 10100 00100
00000 00000 00000
10000 00000 00000
00000 00000 00100
00010 10100 00100
00000 00000 00000
/67-17.3
00000 00000 00100
00000 00000 00001
00001 01010 00010
00000 00000 00000
01000 00000 00000
00000 00000 00010
00001 01010 00010
00000 00000 00000
/68-17.4
00000 00000 00100
00000 00000 01000
00001 01000 00100
00000 00000 01000
00100 00000 00000
00000 00000 00000
00001 01001 00000
00000 00000 01000
/69-18.1
00000 00000 00000
00000 00000 00000
00000 10100 00000
00000 00000 00000
00100 00000 00000
00000 00000 00001
00000 10100 00001
00000 00000 00000
/70-18.2
00000 00000 00010
00000 00000 00000
00010 10100 00100
00000 00000 00000
10000 00000 00000
00000 00000 00100
00010 10100 00100
00000 00000 00000
/71-18.3
00000 00000 00010
00000 00000 00001
00001 01010 00000
00000 00000 00000
01000 00000 00000
00000 00010 00000
00001 01010 00000
00000 00000 00000
/72-18.4
00000 00100 00000
00000 00010 00000
00001 00101 00000
00000 00000 00000
00100 00000 00000
00000 00000 00000
00001 00100 00000
00000 00000 00000
/73-19.1
00000 00000 00000
00000 00000 00000
00001 01000 00000
00000 00000 00000
00100 00000 00000
00000 00001 00000
00001 01000 01000
00000 00000 00000
/74-19.2
00000 00001 00000
00000 00000 00000
00010 10010 00000
00000 00000 00100
10000 00000 00000
00000 10000 00000
00010 10000 00000
00000 00000 00000
/75-19.3
00000 01000 00000
00000 00100 00000
00001 01000 00000
00000 00000 00000
01000 00000 00000
00000 01000 00000
00001 01000 00000
00000 00000 00000
/76-19.4
00000 10000 00000
00001 00000 00000
00100 10000 00000
00001 00000 00000
10000 00000 00000
00000 00000 00000
10100 00000 00000
00001 00000 00000
/77-20.1
00000 00000 00000
00000 00010 00000
00000 10100 00000
00000 00000 00000
00100 00000 00000
00000 00100 00000
00000 10100 00000
00000 00000 00000
/78-20.2
00000 01000 00000
00000 00100 00000
00010 10000 00000
00000 00000 00000
10000 00000 00000
00000 10000 00000
00010 10000 00000
00000 00000 00000
/79-20.3
00000 01000 00000
00000 00100 00000
00001 01000 00000
00000 00000 00000
01000 00000 00000
00001 00000 00000
01001 00000 00000
00000 00100 00000
/80-20.4
00000 00000 00000
00000 01000 00000
10001 00010 00000
00000 00100 00000
00100 00000 00000
00000 00000 00000
00001 00100 00000
00000 00000 00000
/81-21.1
00100 00000 00000
00000 00000 00000
00101 00000 00000
00000 00000 00000
00000 00000 00000
00000 00000 00001
00001 00101 00001
00000 00000 00000
/82-21.2
00000 00000 00010
00000 00000 00000
00010 10100 00100
00000 00000 00000
10000 00000 00000
00000 00000 00100
00010 10100 00100
00000 00000 00000
/83-21.3
00000 00000 00100
00000 00000 00001
00001 01010 00010
00000 00000 00000
01000 00000 00000
00000 00000 00010
00001 01010 00010
00000 00000 00000
/84-21.4
00000 00000 00100
00000 00000 01000
00001 01000 00100
00000 00000 01000
00100 00000 00000
00000 00000 00000
00001 01001 00000
00000 00000 01000
/85-22.1
00000 00000 00000
00000 00000 00000
00000 10100 00000
00000 00000 00000
00100 00000 00000
00000 00000 00001
00000 10101 00001
00000 00000 00000
/86-22.2
00000 00000 00010
00000 00000 00000
00010 10100 00100
00000 00000 00000
10000 00000 00000
00000 00000 00100
00010 10100 00100
00000 00000 00000
/87-22.3
00000 00000 00010
00000 00000 00001
00001 01010 00000
00000 00000 00000
01000 00000 00000
00000 00010 00000
00001 01010 00000
00000 00000 00000
/88-22.4
00000 00001 00000
00000 00000 10000
00001 00100 01000
00000 00000 00000
00100 00000 00000
00000 00000 00000
00001 00100 00000
00000 00000 00000
